-- 1e4 :
sin indice [10.759, 13.222, 11.220, 11.202,9.426,8.979,9.367 , 9.432 , 9.765 , 8.969]
con indice [9.075 , 8.997 , 7.036 , 6.771 , 6.993 , 6.256 , 7.063 , 6.514 , 6.401 , 7.506 ]

---1e5
sin indice [130.903 , 165.258 , 140.292 , 148.732 , 144.148 , 135.001 , 145.339 , 137.027 , 134.131 , 150.846 ]
con indice [120.034 , 124.969 , 86.581 , 84.043 , 96.194 , 88.441 , 89.642 , 94.395 , 87.118 , 80.795 , 89.825 ]

---1e6

sin indice [2286.035 , 2322.289 , 2781.749 , 2794.680 , 2699.657 , 2279.726 , 2592.702 , 2969.219 , 2680.847 , 2648.309]
con indice [776.560 , 850.895 , 880.794 , 870.605 , 860.662 , 851.716 , 848.484 , 851.233 , 844.916 , 930.860 ]